[48;2;249;251;246m[48;2;249;251;246m                          [38;2;21;23;20m[48;2;249;251;246m▄▄█[0m
[48;2;249;251;246m[38;2;21;23;20m[48;2;249;251;246m█[38;2;21;23;20m[48;2;76;114;0m▀[38;2;76;114;0m[48;2;249;251;246m▄[38;2;21;23;20m[48;2;249;251;246m▄▄[48;2;249;251;246m     [38;2;21;23;20m[48;2;249;251;246m▄▄▄[38;2;76;114;0m[48;2;249;251;246m▄[38;2;21;23;20m[48;2;76;114;0m▀▀[38;2;76;114;0m[48;2;249;251;246m▄[38;2;21;23;20m[48;2;249;251;246m▄▄▄[48;2;249;251;246m [38;2;21;23;20m[48;2;249;251;246m▄▄[38;2;21;23;20m[48;2;76;114;0m▀▀[38;2;21;23;20m[48;2;249;251;246m█[38;2;76;114;0m[48;2;249;251;246m█[38;2;76;114;0m[48;2;21;23;20m▀[38;2;21;23;20m[48;2;249;251;246m▀[0m
[48;2;249;251;246m[38;2;21;23;20m[48;2;249;251;246m▀[38;2;76;114;0m[48;2;21;23;20m▀[38;2;76;114;0m[48;2;249;251;246m█[38;2;76;114;0m[48;2;21;23;20m▀▀[38;2;76;114;0m[48;2;249;251;246m█[38;2;21;23;20m[48;2;76;114;0m▀[38;2;21;23;20m[48;2;249;251;246m█[38;2;21;23;20m[48;2;76;114;0m▀▀[38;2;76;114;0m[48;2;249;251;246m██████████[38;2;21;23;20m[48;2;76;114;0m▀▀[38;2;76;114;0m[48;2;21;23;20m▀[38;2;21;23;20m[48;2;76;114;0m▀[38;2;76;114;0m[48;2;249;251;246m██[38;2;76;114;0m[48;2;21;23;20m▀[38;2;21;23;20m[48;2;249;251;246m▀[48;2;249;251;246m [0m
[48;2;249;251;246m[48;2;249;251;246m [38;2;21;23;20m[48;2;249;251;246m█[38;2;76;114;0m[48;2;249;251;246m███████[38;2;76;114;0m[48;2;21;23;20m▀▀▀▀▀[38;2;76;114;0m[48;2;249;251;246m█████[38;2;76;114;0m[48;2;21;23;20m▀▀▀▀▀▀[38;2;76;114;0m[48;2;249;251;246m█[38;2;21;23;20m[48;2;249;251;246m█[48;2;249;251;246m  [0m
[48;2;249;251;246m[48;2;249;251;246m [38;2;21;23;20m[48;2;249;251;246m█[38;2;76;114;0m[48;2;249;251;246m█████[38;2;76;114;0m[48;2;21;23;20m▀[38;2;21;23;20m[48;2;76;114;0m▀[38;2;76;114;0m[48;2;249;251;246m██[38;2;76;114;0m[48;2;249;251;246m▀[38;2;76;114;0m[48;2;21;23;20m▀[38;2;76;114;0m[48;2;249;251;246m█[38;2;21;23;20m[48;2;76;114;0m▀[38;2;76;114;0m[48;2;21;23;20m▀▀▀[38;2;21;23;20m[48;2;249;251;246m█[38;2;21;23;20m[48;2;76;114;0m▀[38;2;76;114;0m[48;2;249;251;246m█[38;2;76;114;0m[48;2;249;251;246m▀[38;2;76;114;0m[48;2;21;23;20m▀[38;2;76;114;0m[48;2;249;251;246m██[38;2;21;23;20m[48;2;249;251;246m██[48;2;249;251;246m  [0m
[48;2;249;251;246m[48;2;249;251;246m  [38;2;21;23;20m[48;2;249;251;246m█[38;2;21;23;20m[48;2;76;114;0m▀▀▀▀[38;2;21;23;20m[48;2;249;251;246m█[38;2;76;114;0m[48;2;249;251;246m██[38;2;21;23;20m[48;2;249;251;246m█[38;2;249;251;246m[48;2;21;23;20m▀[38;2;21;23;20m[48;2;249;251;246m██[38;2;76;114;0m[48;2;249;251;246m█[38;2;21;23;20m[48;2;249;251;246m█[38;2;76;114;0m[48;2;249;251;246m██[38;2;21;23;20m[48;2;249;251;246m█[38;2;76;114;0m[48;2;249;251;246m█[38;2;21;23;20m[48;2;249;251;246m███[38;2;21;23;20m[48;2;76;114;0m▀[38;2;76;114;0m[48;2;249;251;246m█[38;2;76;114;0m[48;2;21;23;20m▀[38;2;21;23;20m[48;2;249;251;246m█[48;2;249;251;246m  [0m
[48;2;249;251;246m[48;2;249;251;246m  [38;2;21;23;20m[48;2;249;251;246m█[38;2;76;114;0m[48;2;21;23;20m▀[38;2;76;114;0m[48;2;249;251;246m███[38;2;21;23;20m[48;2;76;114;0m▀[38;2;21;23;20m[48;2;249;251;246m█[38;2;76;114;0m[48;2;21;23;20m▀[38;2;76;114;0m[48;2;249;251;246m███[38;2;76;114;0m[48;2;21;23;20m▀[38;2;21;23;20m[48;2;249;251;246m█[38;2;21;23;20m[48;2;76;114;0m▀[38;2;76;114;0m[48;2;249;251;246m███[38;2;21;23;20m[48;2;76;114;0m▀[38;2;76;114;0m[48;2;21;23;20m▀▀▀▀[38;2;21;23;20m[48;2;76;114;0m▀[38;2;21;23;20m[48;2;249;251;246m█[48;2;249;251;246m   [0m
[48;2;249;251;246m[48;2;249;251;246m   [38;2;21;23;20m[48;2;249;251;246m▀[38;2;76;114;0m[48;2;21;23;20m▀[38;2;76;114;0m[48;2;249;251;246m███[38;2;76;114;0m[48;2;21;23;20m▀▀[38;2;21;23;20m[48;2;76;114;0m▀▀[38;2;76;114;0m[48;2;249;251;246m█████████[38;2;76;114;0m[48;2;21;23;20m▀▀[38;2;76;114;0m[48;2;249;251;246m██[38;2;21;23;20m[48;2;249;251;246m█[48;2;249;251;246m   [0m
[48;2;249;251;246m[48;2;249;251;246m    [38;2;21;23;20m[48;2;249;251;246m▀█[38;2;76;114;0m[48;2;21;23;20m▀[38;2;76;114;0m[48;2;249;251;246m███[38;2;21;23;20m[48;2;76;114;0m▀▀▀▀▀▀▀[38;2;21;23;20m[48;2;249;251;246m█[38;2;21;23;20m[48;2;76;114;0m▀▀▀[38;2;76;114;0m[48;2;249;251;246m██[38;2;76;114;0m[48;2;21;23;20m▀[38;2;21;23;20m[48;2;249;251;246m▀[48;2;249;251;246m    [0m
[48;2;249;251;246m[48;2;249;251;246m       [38;2;21;23;20m[48;2;249;251;246m▀█[38;2;76;114;0m[48;2;21;23;20m▀▀▀[38;2;76;114;0m[48;2;249;251;246m████[38;2;21;23;20m[48;2;104;105;102m▀[38;2;104;105;102m[48;2;249;251;246m█████[38;2;21;23;20m[48;2;104;105;102m▀▀▀[38;2;21;23;20m[48;2;249;251;246m█[48;2;249;251;246m   [0m
[48;2;249;251;246m[48;2;249;251;246m      [38;2;21;23;20m[48;2;249;251;246m▄[38;2;21;23;20m[48;2;76;114;0m▀[38;2;76;114;0m[48;2;249;251;246m██[38;2;21;23;20m[48;2;249;251;246m█[38;2;76;114;0m[48;2;249;251;246m██[38;2;21;23;20m[48;2;76;114;0m▀▀[38;2;21;23;20m[48;2;104;105;102m▀[38;2;104;105;102m[48;2;249;251;246m████████[38;2;104;105;102m[48;2;21;23;20m▀[48;2;249;251;246m    [0m
[48;2;249;251;246m[48;2;249;251;246m      [38;2;21;23;20m[48;2;249;251;246m█[38;2;76;114;0m[48;2;249;251;246m███[38;2;76;114;0m[48;2;21;23;20m▀▀[38;2;76;114;0m[48;2;249;251;246m█[38;2;21;23;20m[48;2;76;114;0m▀▀[38;2;76;114;0m[48;2;249;251;246m███[38;2;21;23;20m[48;2;249;251;246m█[38;2;104;105;102m[48;2;249;251;246m████[38;2;21;23;20m[48;2;249;251;246m█[38;2;21;23;20m[48;2;76;114;0m▀[38;2;21;23;20m[48;2;249;251;246m█[48;2;249;251;246m   [0m
[48;2;249;251;246m[48;2;249;251;246m      [38;2;21;23;20m[48;2;249;251;246m▀[38;2;76;114;0m[48;2;21;23;20m▀[38;2;76;114;0m[48;2;249;251;246m████████[38;2;76;114;0m[48;2;21;23;20m▀[38;2;21;23;20m[48;2;104;105;102m▀[38;2;104;105;102m[48;2;249;251;246m███[38;2;104;105;102m[48;2;21;23;20m▀[38;2;76;114;0m[48;2;249;251;246m██[38;2;76;114;0m[48;2;21;23;20m▀[38;2;21;23;20m[48;2;249;251;246m▀[48;2;249;251;246m   [0m
[48;2;249;251;246m[48;2;249;251;246m        [38;2;21;23;20m[48;2;249;251;246m▀[38;2;76;114;0m[48;2;249;251;246m▀▀[38;2;76;114;0m[48;2;21;23;20m▀▀[38;2;21;23;20m[48;2;249;251;246m███████[38;2;104;105;102m[48;2;249;251;246m▀[38;2;21;23;20m[48;2;249;251;246m▀▀▀[48;2;249;251;246m     [0m
