[48;2;13;14;11m[48;2;13;14;11m                              [38;2;13;14;11m[48;2;13;14;11m▄▄█[0m
[48;2;13;14;11m[38;2;13;14;11m[48;2;13;14;11m██▄▄[48;2;13;14;11m        [38;2;13;14;11m[48;2;13;14;11m▄▄▄▄▄▄▄▄▄[48;2;13;14;11m    [38;2;13;14;11m[48;2;13;14;11m▄▄▄[38;2;13;14;11m[48;2;167;217;29m▀▀[38;2;167;217;29m[48;2;13;14;11m█[38;2;167;217;29m[48;2;13;14;11m▀[38;2;13;14;11m[48;2;13;14;11m▀[0m
[48;2;13;14;11m[38;2;13;14;11m[48;2;13;14;11m█[38;2;167;217;29m[48;2;13;14;11m▀[38;2;167;217;29m[48;2;13;14;11m█[38;2;167;217;29m[48;2;13;14;11m▀[38;2;13;14;11m[48;2;167;217;29m▀▀▀▀[38;2;13;14;11m[48;2;13;14;11m▄▄█[38;2;13;14;11m[48;2;167;217;29m▀▀[38;2;167;217;29m[48;2;13;14;11m████████[38;2;13;14;11m[48;2;167;217;29m▀▀▀[38;2;13;14;11m[48;2;13;14;11m█[38;2;167;217;29m[48;2;13;14;11m▀▀[38;2;13;14;11m[48;2;167;217;29m▀▀[38;2;167;217;29m[48;2;13;14;11m█[38;2;167;217;29m[48;2;13;14;11m▀[38;2;13;14;11m[48;2;13;14;11m█[48;2;13;14;11m [0m
[48;2;13;14;11m[48;2;13;14;11m [38;2;13;14;11m[48;2;13;14;11m█[38;2;167;217;29m[48;2;13;14;11m█[38;2;13;14;11m[48;2;13;14;11m█[38;2;13;14;11m[48;2;167;217;29m▀▀[38;2;167;217;29m[48;2;13;14;11m██[38;2;13;14;11m[48;2;167;217;29m▀[38;2;167;217;29m[48;2;13;14;11m█████████████████████[38;2;13;14;11m[48;2;13;14;11m█[48;2;13;14;11m  [0m
[48;2;13;14;11m[48;2;13;14;11m [38;2;13;14;11m[48;2;13;14;11m█[38;2;167;217;29m[48;2;13;14;11m███████[38;2;167;217;29m[48;2;13;14;11m▀[38;2;13;14;11m[48;2;13;14;11m█[38;2;13;14;11m[48;2;167;217;29m▀▀▀▀[38;2;13;14;11m[48;2;13;14;11m█[38;2;167;217;29m[48;2;13;14;11m▀[38;2;167;217;29m[48;2;13;14;11m████[38;2;167;217;29m[48;2;13;14;11m▀[38;2;13;14;11m[48;2;13;14;11m█[38;2;13;14;11m[48;2;167;217;29m▀▀▀▀▀[38;2;13;14;11m[48;2;13;14;11m█[38;2;167;217;29m[48;2;13;14;11m▀[38;2;13;14;11m[48;2;13;14;11m█[48;2;13;14;11m  [0m
[48;2;13;14;11m[48;2;13;14;11m [38;2;13;14;11m[48;2;13;14;11m▀█[38;2;167;217;29m[48;2;13;14;11m▀▀▀▀▀[38;2;13;14;11m[48;2;13;14;11m█[38;2;13;14;11m[48;2;167;217;29m▀[38;2;167;217;29m[48;2;13;14;11m█[38;2;167;217;29m[48;2;13;14;11m▀[38;2;167;217;29m[48;2;227;229;225m▀▀[38;2;167;217;29m[48;2;13;14;11m▀[38;2;167;217;29m[48;2;13;14;11m█[38;2;13;14;11m[48;2;167;217;29m▀[38;2;13;14;11m[48;2;13;14;11m█[38;2;167;217;29m[48;2;13;14;11m▀▀[38;2;13;14;11m[48;2;13;14;11m██[38;2;167;217;29m[48;2;13;14;11m█[38;2;167;217;29m[48;2;13;14;11m▀[38;2;227;229;225m[48;2;13;14;11m█[38;2;13;14;11m[48;2;13;14;11m█[38;2;167;217;29m[48;2;13;14;11m▀[38;2;167;217;29m[48;2;13;14;11m██[38;2;13;14;11m[48;2;13;14;11m█▀[48;2;13;14;11m  [0m
[48;2;13;14;11m[48;2;13;14;11m  [38;2;13;14;11m[48;2;13;14;11m█[38;2;13;14;11m[48;2;167;217;29m▀[38;2;167;217;29m[48;2;13;14;11m███[38;2;13;14;11m[48;2;167;217;29m▀[38;2;13;14;11m[48;2;13;14;11m█[38;2;167;217;29m[48;2;13;14;11m██[38;2;13;14;11m[48;2;167;217;29m▀[38;2;13;14;11m[48;2;13;14;11m███[38;2;13;14;11m[48;2;167;217;29m▀[38;2;167;217;29m[48;2;13;14;11m█[38;2;13;14;11m[48;2;13;14;11m█[38;2;167;217;29m[48;2;13;14;11m███[38;2;13;14;11m[48;2;13;14;11m█[38;2;167;217;29m[48;2;13;14;11m█[38;2;13;14;11m[48;2;167;217;29m▀[38;2;13;14;11m[48;2;13;14;11m██[38;2;13;14;11m[48;2;167;217;29m▀[38;2;167;217;29m[48;2;13;14;11m██[38;2;13;14;11m[48;2;13;14;11m█[48;2;13;14;11m   [0m
[48;2;13;14;11m[48;2;13;14;11m  [38;2;13;14;11m[48;2;13;14;11m▀█[38;2;167;217;29m[48;2;13;14;11m████[38;2;13;14;11m[48;2;167;217;29m▀[38;2;13;14;11m[48;2;13;14;11m█[38;2;167;217;29m[48;2;13;14;11m▀▀[38;2;167;217;29m[48;2;13;14;11m██[38;2;167;217;29m[48;2;13;14;11m▀▀[38;2;13;14;11m[48;2;13;14;11m█[38;2;13;14;11m[48;2;167;217;29m▀[38;2;167;217;29m[48;2;13;14;11m████[38;2;13;14;11m[48;2;167;217;29m▀[38;2;13;14;11m[48;2;13;14;11m█[38;2;167;217;29m[48;2;13;14;11m▀▀▀[38;2;13;14;11m[48;2;13;14;11m█[38;2;13;14;11m[48;2;167;217;29m▀[38;2;13;14;11m[48;2;13;14;11m█[48;2;13;14;11m   [0m
[48;2;13;14;11m[48;2;13;14;11m   [38;2;13;14;11m[48;2;13;14;11m▀█[38;2;167;217;29m[48;2;13;14;11m████[38;2;167;217;29m[48;2;13;14;11m▀▀[38;2;167;217;29m[48;2;13;14;11m█[38;2;13;14;11m[48;2;167;217;29m▀▀[38;2;167;217;29m[48;2;13;14;11m██████████[38;2;167;217;29m[48;2;13;14;11m▀▀[38;2;167;217;29m[48;2;13;14;11m██[38;2;167;217;29m[48;2;13;14;11m▀[38;2;13;14;11m[48;2;13;14;11m▀[48;2;13;14;11m   [0m
[48;2;13;14;11m[48;2;13;14;11m     [38;2;13;14;11m[48;2;13;14;11m▀[38;2;167;217;29m[48;2;13;14;11m▀[38;2;167;217;29m[48;2;13;14;11m████[38;2;13;14;11m[48;2;167;217;29m▀▀▀[38;2;167;217;29m[48;2;13;14;11m▀▀▀▀▀▀▀[38;2;13;14;11m[48;2;167;217;29m▀▀▀▀[38;2;167;217;29m[48;2;13;14;11m██[38;2;13;14;11m[48;2;13;14;11m█▀[48;2;13;14;11m    [0m
[48;2;13;14;11m[48;2;13;14;11m       [38;2;13;14;11m[48;2;13;14;11m▀█[38;2;167;217;29m[48;2;13;14;11m▀▀[38;2;167;217;29m[48;2;13;14;11m███████[38;2;167;217;29m[48;2;13;14;11m▀[38;2;13;14;11m[48;2;133;135;131m▀▀▀▀▀▀▀▀▀[38;2;133;135;131m[48;2;13;14;11m▄[38;2;13;14;11m[48;2;13;14;11m▄[48;2;13;14;11m   [0m
[48;2;13;14;11m[48;2;13;14;11m        [38;2;13;14;11m[48;2;13;14;11m▄[38;2;13;14;11m[48;2;167;217;29m▀▀[38;2;13;14;11m[48;2;13;14;11m█[38;2;13;14;11m[48;2;167;217;29m▀▀▀[38;2;167;217;29m[48;2;13;14;11m▀▀▀[38;2;13;14;11m[48;2;133;135;131m▀[38;2;133;135;131m[48;2;13;14;11m█████████[38;2;133;135;131m[48;2;13;14;11m▀[48;2;13;14;11m    [0m
[48;2;13;14;11m[48;2;13;14;11m       [38;2;13;14;11m[48;2;13;14;11m█[38;2;167;217;29m[48;2;13;14;11m████[38;2;13;14;11m[48;2;13;14;11m█[38;2;167;217;29m[48;2;13;14;11m██[38;2;167;217;29m[48;2;13;14;11m▀▀[38;2;13;14;11m[48;2;13;14;11m█[38;2;133;135;131m[48;2;167;217;29m▀▀[38;2;133;135;131m[48;2;13;14;11m▀[38;2;133;135;131m[48;2;13;14;11m█[38;2;133;135;131m[48;2;13;14;11m▀▀[38;2;133;135;131m[48;2;13;14;11m███[38;2;13;14;11m[48;2;13;14;11m█▄[48;2;13;14;11m    [0m
[48;2;13;14;11m[48;2;13;14;11m       [38;2;13;14;11m[48;2;13;14;11m█[38;2;167;217;29m[48;2;13;14;11m████[38;2;13;14;11m[48;2;167;217;29m▀▀[38;2;167;217;29m[48;2;13;14;11m██████[38;2;167;217;29m[48;2;13;14;11m▀[38;2;13;14;11m[48;2;133;135;131m▀[38;2;133;135;131m[48;2;13;14;11m███[38;2;133;135;131m[48;2;13;14;11m▀[38;2;13;14;11m[48;2;13;14;11m█[38;2;167;217;29m[48;2;13;14;11m██[38;2;13;14;11m[48;2;13;14;11m▄[48;2;13;14;11m   [0m
[48;2;13;14;11m[48;2;13;14;11m        [38;2;13;14;11m[48;2;13;14;11m█[38;2;167;217;29m[48;2;13;14;11m████████[38;2;167;217;29m[48;2;13;14;11m▀▀[38;2;13;14;11m[48;2;133;135;131m▀[38;2;133;135;131m[48;2;13;14;11m████[38;2;13;14;11m[48;2;13;14;11m█[38;2;167;217;29m[48;2;13;14;11m▀[38;2;167;217;29m[48;2;13;14;11m█[38;2;167;217;29m[48;2;13;14;11m▀[38;2;13;14;11m[48;2;13;14;11m█[48;2;13;14;11m    [0m
[48;2;13;14;11m[48;2;13;14;11m         [38;2;13;14;11m[48;2;13;14;11m▀▀[38;2;167;217;29m[48;2;13;14;11m▀[38;2;167;217;29m[48;2;13;14;11m▀[38;2;13;14;11m[48;2;13;14;11m███[38;2;167;217;29m[48;2;13;14;11m▀▀[38;2;13;14;11m[48;2;13;14;11m████▀▀▀▀[48;2;13;14;11m       [0m
